-1.346625
0.429501
0.931582
0.201533
-0.146336
-1.214884
1.998238
-0.260348
-0.138725
0.231259
-0.549650
-1.168595
-0.041680
-0.434137
-1.245960
0.253055
0.479661
-0.903031
-0.002077
-0.603771
-0.616412
0.222323
-0.325874
-1.042520
-0.265345
1.257761
0.456788
-1.127285
-0.006436
1.726919
-0.458341
-0.434032
-1.558916
0.134696
1.399732
0.090956
0.204899
0.448251
1.621713
0.124526
-0.613305
0.135838
0.653133
0.422105
-0.128765
1.727482
0.845452
-0.091015
1.114933
-0.279253
-0.080163
0.839126
0.366051
-1.353973
-1.164288
-0.621365
2.040034
1.034150
-0.667200
-0.187322
0.128340
1.382238
-1.185588
1.221441
-0.620339
0.534800
-0.286073
-1.493805
-0.462380
-1.533208
1.222790
-1.441651
